1.9462988289999998
1.7588516269999999
1.664874217
1.8150634220000001
1.7759942130000002
1.8791114740000001
1.781579639
1.8143072340000002
1.730042286
1.722251985
1.7305563880000001
1.7196220819999999
1.736448068
1.753655748
1.725812356
1.780718474
1.7576209409999999
1.7615582079999998
1.855264257
1.7471720720000001
1.830260234
1.790943621
1.9386072589999999
1.748727722
1.725044762
1.827486461
1.877226941
1.735965421
1.8914341559999999
1.8513876900000001
2.436685756
2.158667316
2.140112899
2.413161161
2.379003225
2.305803444
2.536474769
2.572464259
2.5470984679999997
2.27554865
2.332529868
2.096016079
2.4846118
2.4202931899999998
1.840024138
