                3.301698
                3.397541
                3.330009
                3.361525
                3.420770
                3.286008
                3.325359
                3.320193
                3.212545
                3.354286
                3.350020
                3.339527
                3.652276
                3.358452
                3.493792
                3.238460
                3.312225
                3.289041
                3.231683
                3.368448
                3.294570
                3.169328
                3.183833
                3.541256
                3.346963
                3.274253
                3.294121
                3.303196
                3.318197
                3.315870