2.221272144
2.104161511
2.127337952
2.016540779
2.224796565
2.129273227
2.18839238
2.048166474
2.21582312
2.333837263
2.053278616
2.101885367
2.117203237
2.263835573
2.275384451
2.166709979
2.07861917
2.137252978
2.072403326
2.116671564
2.080275578
2.184109391
2.119766695
2.137814175
2.13523256
2.121347704
2.0815726469999998
2.091430064
2.1196942
2.133767737
1.9167553160000002
1.747562013
1.70604327
1.751611931
1.834385192
1.645888762
1.808512701
1.711873228
1.622044284
1.703941374
2.796658847
2.253105
1.713907427
1.934544198
2.063843812
2.036489294
1.8220867090000001
1.859315209
1.899859278
1.8538939829999999
1.799632119
1.786125156
1.758866404
1.820458882
1.686645382
1.873251625
1.749875775
1.7340041990000001
1.818685942
1.830715635
